0.036551	0.0429688	-0.00488281	-1.02393	-0.0047971	0.00925605	0.0247855	-4.7496e-05	9.1644e-05	0.000245401	-4.7496e-05	9.1644e-05	0.000245401	-1.5832e-05	3.0548e-05	8.18004e-05	-1.5832e-05	3.0548e-05	8.18004e-05	-5.27733e-06	1.01827e-05	2.72668e-05
0.057792	0.0273438	-0.00634766	-0.977539	0.00497871	-0.00108248	-0.0220712	4.62213e-05	6.97516e-05	-0.000170709	3.03893e-05	0.0001003	-8.89086e-05	1.43949e-05	4.75103e-05	-4.21146e-05	9.11762e-06	5.7693e-05	-1.48478e-05	4.31887e-06	2.73283e-05	-7.03317e-06
0.080259	0.0205078	-0.00830078	-1.0166	0.0101466	-0.00739499	0.0167648	0.00031272	-0.000127205	0.000276133	0.000327115	-7.96949e-05	0.000234018	0.000179766	-4.37963e-05	0.000128605	0.000184085	-1.64681e-05	0.000121571	0.000101164	-9.05001e-06	6.68096e-05
0.102858	0.0214844	-0.0136719	-1.03223	0.00648834	-0.0111664	0.0324599	0.000518038	-0.000494221	0.00134613	0.000697804	-0.000538017	0.00147474	0.000415977	-0.000320724	0.000879125	0.00051714	-0.000329774	0.000945935	0.000308279	-0.000196586	0.000563893
0.123284	0.0209961	-0.0258789	-1.01416	-0.00140682	-0.0204371	0.0145007	0.000442314	-0.00127877	0.00186364	0.000858291	-0.0015995	0.00274276	0.000538129	-0.00100285	0.00171965	0.000846408	-0.00119943	0.00228354	0.000530678	-0.000752017	0.00143173
0.144626	0.03125	-0.0209961	-1.01367	-0.00626796	-0.0100662	0.0143014	0.000141971	-0.00167209	0.00242033	0.0006801	-0.00267494	0.00413998	0.000441019	-0.00173459	0.00268462	0.000971697	-0.00248661	0.00411635	0.000630108	-0.00161247	0.00266929
0.167567	0.0361328	-0.0146484	-1.0083	-0.0062286	-0.00198993	0.00903308	-0.000173904	-0.00168785	0.00274822	0.000267114	-0.00342244	0.00543284	0.00017735	-0.00227232	0.00360711	0.000807458	-0.00388479	0.0062764	0.000536108	-0.00257929	0.00416719
0.188576	0.0415039	-0.0078125	-1.02344	-0.0055117	0.00645975	0.0242733	-0.000461528	-0.00124882	0.00390808	-0.000284179	-0.00352113	0.00751519	-0.00019193	-0.00237812	0.00507565	0.000344178	-0.00495741	0.00924284	0.000232453	-0.00334816	0.00624247
0.209722	0.0463867	-0.00537109	-1.01562	-0.00804876	0.0114167	0.016602	-0.000899478	-0.000517737	0.0046408	-0.00109141	-0.00289586	0.00971645	-0.000746512	-0.00198074	0.00664595	-0.00051406	-0.0053289	0.0128884	-0.000351611	-0.00364491	0.00881555
0.232846	0.0463867	-0.00537109	-1.01562	-0.00804876	0.0114167	0.016602	-0.00133665	0.000212049	0.00537223	-0.00208316	-0.00176869	0.0120182	-0.00143853	-0.00122137	0.00829918	-0.00179015	-0.00486628	0.0171147	-0.00123619	-0.00336042	0.0118186
0.253451	0.034668	-0.00683594	-1.021	0.000410883	0.00278914	0.0216033	-0.00122444	0.00037753	0.00641447	-0.00266297	-0.000843841	0.0147137	-0.00185239	-0.000586984	0.010235	-0.00308858	-0.00394741	0.0220536	-0.00214844	-0.00274585	0.0153407
0.274192	0.0317383	-0.0102539	-1.00684	9.52389e-05	-0.00152017	0.00738704	-0.00113608	0.000250474	0.00647959	-0.00298847	-0.00033651	0.0167145	-0.00209055	-0.000235401	0.0116924	-0.00423899	-0.00298125	0.0270331	-0.00296533	-0.0020855	0.0189107
0.296259	0.0283203	-0.0136719	-1.01855	0.000960417	-0.00648456	0.0190189	-0.000990575	-0.000216971	0.00734988	-0.00308112	-0.000452373	0.0190423	-0.00216482	-0.00031784	0.0133793	-0.00513015	-0.00240334	0.03229	-0.00360448	-0.0016886	0.0226872
0.316669	0.0283203	-0.0112305	-1.01025	0.00212381	-0.00443494	0.0107012	-0.000767582	-0.000518983	0.00758983	-0.0029324	-0.000836823	0.0209691	-0.0020674	-0.000589976	0.0147836	-0.00567188	-0.00227858	0.0374708	-0.00399879	-0.00160644	0.0264176
0.337478	0.0283203	-0.0131836	-1.01221	0.00099592	-0.0058621	0.0126715	-0.000637843	-0.000912069	0.00796368	-0.00270524	-0.00150204	0.0227473	-0.00191239	-0.00106183	0.0160805	-0.00591118	-0.00266827	0.0424982	-0.00417873	-0.00188625	0.0300428
0.36033	0.0268555	-0.0107422	-1.01221	0.00367005	-0.00488721	0.0126017	-0.000313319	-0.00121153	0.00831308	-0.00222571	-0.00227335	0.0243936	-0.00157674	-0.0016105	0.017281	-0.00575547	-0.00349675	0.0473238	-0.00407731	-0.00247718	0.0335253
0.380922	0.0341797	-0.00927734	-1.01416	-0.00103401	0.000834913	0.0147775	-0.00036875	-0.00105413	0.00881029	-0.00194549	-0.00266462	0.0260913	-0.00138055	-0.00189086	0.0185148	-0.00545786	-0.00436803	0.0520401	-0.00387298	-0.00309962	0.0369284
0.401611	0.0356445	-0.015625	-1.01514	-0.00613688	-0.00318794	0.015859	-0.000820584	-0.00122127	0.00936243	-0.00220114	-0.00311213	0.0278772	-0.00156404	-0.00221136	0.0198085	-0.00543703	-0.00531098	0.0567369	-0.00386334	-0.00377378	0.040315
0.422135	0.0375977	-0.00585938	-1.01709	-0.00137	0.00544434	0.0177859	-0.000864321	-0.000690649	0.010033	-0.00242836	-0.00290201	0.0298415	-0.00172733	-0.00206424	0.0212267	-0.00559067	-0.00583802	0.0615417	-0.00397672	-0.00415266	0.0437755
0.442749	0.0375977	-0.00585938	-1.01709	-0.00137	0.00544434	0.0177859	-0.000905154	-0.000195254	0.010659	-0.00263248	-0.00225949	0.0318857	-0.0018741	-0.00160856	0.0226998	-0.00585082	-0.00576123	0.0664753	-0.00416528	-0.00410149	0.0473247
0.462973	0.0361328	-0.0117188	-1.02393	-0.00366754	-4.12297e-06	0.0246236	-0.00113105	-0.000179624	0.011801	-0.00300515	-0.00178819	0.0345008	-0.00214084	-0.00127389	0.0245781	-0.00630612	-0.00537538	0.0719027	-0.00449242	-0.00382937	0.0512229
0.483173	0.0195312	-0.0126953	-1.00146	0.00779511	-0.010872	0.0016464	-0.000392883	-0.00106385	0.0109612	-0.00253372	-0.00233774	0.0355393	-0.00180597	-0.00166627	0.0253314	-0.00629839	-0.00549565	0.0765543	-0.00448931	-0.00391714	0.0545657
0.504388	0.0195312	-0.0126953	-1.00146	0.00779511	-0.010872	0.0016464	0.000291018	-0.00188307	0.0101832	-0.00151495	-0.00354934	0.0355147	-0.00108027	-0.00253095	0.0253246	-0.00556959	-0.0064481	0.0798904	-0.00397154	-0.00459798	0.0569679
0.526305	0.0532227	-0.0141602	-0.989258	-0.0188089	0.0113948	-0.00945437	-0.00131851	-0.000764166	0.00852839	-0.00239878	-0.00329512	0.033853	-0.00171109	-0.00235047	0.024148	-0.00568263	-0.00694845	0.0811159	-0.00405353	-0.00495646	0.0578615
0.549235	0.0429688	-0.0170898	-1.02783	-0.0114739	0.002225	0.0288054	-0.00218108	-0.000510275	0.0102507	-0.00389217	-0.00286074	0.0343987	-0.00277711	-0.00204118	0.0245439	-0.00683064	-0.00699764	0.0824054	-0.00487375	-0.0049929	0.0587973
0.570783	0.0375977	-0.0244141	-1.01074	-0.0123473	-0.00669491	0.0116384	-0.00305067	-0.00103929	0.0103694	-0.00582778	-0.00308047	0.0349132	-0.0041591	-0.00219843	0.0249164	-0.00903285	-0.00719133	0.0837137	-0.00644645	-0.00513222	0.0597438
0.591305	0.722168	-0.0927734	-0.960449	-0.574003	0.363629	-0.00456518	-0.052197	0.0303505	0.00908383	-0.0563561	0.0281521	0.0340003	-0.0402265	0.0200947	0.0242691	-0.0466729	0.0149625	0.0840129	-0.0333147	0.0106801	0.0599677
0.611986	0.177246	-0.0473633	-0.997559	-0.116616	0.0544394	0.00609112	-0.0577734	0.0324357	0.00882477	-0.0979998	0.0525305	0.0330939	-0.0699612	0.037501	0.0236254	-0.103276	0.0481811	0.0835931	-0.0737277	0.034396	0.0596763
0.632531	0.283203	-0.0253906	-0.990234	-0.179158	0.137333	0.00521398	-0.0683338	0.0415617	0.00851063	-0.138295	0.0790627	0.032136	-0.0987384	0.0564484	0.0229441	-0.172466	0.0908444	0.0826204	-0.123136	0.0648601	0.0589885
0.653126	0.347656	-0.0546875	-1.02246	-0.237741	0.153971	0.0435777	-0.0831386	0.0513855	0.0115752	-0.181877	0.107834	0.0345194	-0.129866	0.0769969	0.024648	-0.253002	0.141857	0.0836364	-0.180652	0.101291	0.0597192
0.673806	0.527832	-0.0673828	-1.01709	-0.372651	0.256201	0.055041	-0.108542	0.069357	0.0153891	-0.238408	0.146354	0.0400371	-0.170243	0.104509	0.0285898	-0.350895	0.2058	0.088309	-0.250568	0.146958	0.06306
0.694234	0.683105	0.0249023	-1.0166	-0.419155	0.417331	0.0727887	-0.135895	0.1	0.0204439	-0.306139	0.204509	0.0490337	-0.218621	0.146045	0.0350161	-0.469189	0.293003	0.0980761	-0.335059	0.20924	0.0700385
0.714983	0.729004	0.0698242	-0.980469	-0.417468	0.470815	0.0496162	-0.160772	0.132761	0.0230212	-0.379393	0.278806	0.0580373	-0.270946	0.199111	0.0414477	-0.606005	0.408352	0.111486	-0.432782	0.291627	0.0796186
0.735563	0.802246	0.0527344	-0.957031	-0.476258	0.491418	0.0459331	-0.188725	0.16454	0.0250513	-0.459671	0.363651	0.066499	-0.328289	0.259713	0.0474924	-0.761071	0.55134	0.127111	-0.543543	0.393757	0.0907804
0.75581	0.720215	0.0361328	-0.971191	-0.414488	0.412988	0.0587108	-0.208781	0.186611	0.0280415	-0.53707	0.446324	0.0755339	-0.383577	0.318766	0.0539465	-0.92712	0.712523	0.144727	-0.662152	0.508886	0.103364
0.776344	0.754395	0.0688477	-0.981934	-0.417642	0.43773	0.0825953	-0.227379	0.208971	0.0328991	-0.610955	0.527737	0.0868456	-0.436356	0.37692	0.0620268	-1.09851	0.885806	0.165391	-0.784576	0.63266	0.118126
0.799118	0.833984	0.0239258	-1.03809	-0.493436	0.427885	0.160672	-0.251119	0.228505	0.0443004	-0.687475	0.605425	0.106327	-0.491017	0.432414	0.0759424	-1.27559	1.06507	0.194068	-0.91107	0.760711	0.13861
0.820261	0.793945	0.0424805	-1.00391	-0.450513	0.40164	0.129471	-0.268945	0.243983	0.0519145	-0.759962	0.676398	0.127857	-0.542798	0.483112	0.0913209	-1.45387	1.24382	0.229931	-1.03842	0.888393	0.164226
0.84213	0.567871	-0.0292969	-0.973145	-0.313861	0.208002	0.062343	-0.272967	0.240761	0.0528484	-0.815765	0.723873	0.144169	-0.582661	0.517028	0.102973	-1.62108	1.40542	0.2672	-1.15786	1.00382	0.190848
0.864172	0.638184	0.0351562	-1.02783	-0.316386	0.281951	0.133736	-0.276861	0.244455	0.0601028	-0.859522	0.761483	0.163076	-0.613921	0.543896	0.116478	-1.77178	1.54772	0.307326	-1.26551	1.10547	0.21951
0.887052	0.584473	-0.043457	-0.98877	-0.323028	0.18174	0.088019	-0.281007	0.238823	0.0626099	-0.894928	0.782719	0.179088	-0.639215	0.559068	0.127916	-1.90472	1.66454	0.347427	-1.36048	1.18892	0.248154
0.908821	0.230957	-0.0229492	-1.05859	-0.0222017	-0.0270195	0.083174	-0.257736	0.214919	0.064459	-0.896951	0.773986	0.192375	-0.640664	0.552834	0.137408	-2.00114	1.74176	0.385562	-1.42935	1.24408	0.275395
0.92927	-0.00732422	-0.137695	-1.08545	0.10328	-0.252672	0.0595772	-0.225238	0.172827	0.0640196	-0.865901	0.725661	0.201427	-0.618489	0.518319	0.143874	-2.04784	1.7624	0.419269	-1.46271	1.25883	0.299472
0.950255	-0.312012	-0.29834	-0.955078	0.235425	-0.525695	-0.124356	-0.183729	0.109886	0.0470456	-0.802218	0.628205	0.190919	-0.573004	0.448711	0.136369	-2.03572	1.70754	0.435841	-1.45406	1.21965	0.31131
0.970763	-0.469727	-0.03125	-1.07568	0.527271	-0.38612	-0.0244944	-0.119606	0.0651522	0.0405936	-0.69261	0.513863	0.176963	-0.494715	0.36704	0.1264	-1.94878	1.5867	0.43771	-1.39197	1.13334	0.312646
0.992841	-0.64209	0.36084	-0.991699	0.855026	-0.131177	-0.118141	-0.0316361	0.0474316	0.0262663	-0.526351	0.414472	0.152667	-0.375961	0.296049	0.109046	-1.76793	1.42939	0.421693	-1.26279	1.02098	0.301206
1.01337	-0.848633	0.380859	-0.978516	1.013	-0.220431	-0.135149	0.0627201	0.0232371	0.0116866	-0.313241	0.319286	0.120733	-0.223742	0.228059	0.0862372	-1.48653	1.24904	0.387443	-1.0618	0.892165	0.276743
1.0364	-0.960449	0.0249023	-1.17871	0.903158	-0.596769	0.067996	0.138681	-0.0328008	0.016776	-0.0850606	0.195259	0.103013	-0.0607572	0.139469	0.0735803	-1.12256	1.03163	0.350323	-0.801823	0.736877	0.250229
1.05802	-1.11816	-0.471191	-1.04688	0.711322	-1.07763	-0.050798	0.190468	-0.127291	0.0106649	0.129711	0.0121785	0.0842452	0.0926504	0.00869888	0.0601749	-0.709172	0.745576	0.310404	-0.506549	0.532551	0.221716
1.0809	-1.03955	-0.598633	-1.01611	0.540436	-1.11902	-0.0370718	0.222135	-0.217026	0.00634553	0.314785	-0.208327	0.0665204	0.224845	-0.148804	0.0475144	-0.281704	0.383747	0.26923	-0.201216	0.274104	0.192307
1.10288	-0.827637	-0.317383	-0.949219	0.518285	-0.746446	-0.0721371	0.248944	-0.264952	-0.000759159	0.473789	-0.413756	0.0467552	0.33842	-0.295539	0.0333965	0.137204	-0.0214352	0.225703	0.0980023	-0.0153108	0.161216
1.12632	-0.708984	0.0644531	-1.00391	0.635235	-0.353904	-0.00709063	0.283928	-0.273008	-0.00133256	0.622348	-0.568547	0.0320639	0.444533	-0.406104	0.0229027	0.542535	-0.421415	0.184119	0.387524	-0.30101	0.131513
1.14969	-0.505371	0.278809	-1.04443	0.580638	-0.0587687	0.0408561	0.310809	-0.253598	0.00248967	0.755342	-0.659702	0.0253924	0.539529	-0.471215	0.0181374	0.927053	-0.772224	0.14965	0.662179	-0.551588	0.106893
1.17013	-0.267578	-0.00341797	-1.02148	0.207382	-0.145527	0.0251119	0.301436	-0.243804	0.00453991	0.840965	-0.715018	0.0226773	0.600688	-0.510726	0.016198	1.26287	-1.06231	0.123091	0.902047	-0.758794	0.087922
1.19141	-0.199707	0.149902	-0.998535	0.232856	0.0217829	0.00236225	0.295218	-0.219726	0.00434249	0.895907	-0.730453	0.0205405	0.639932	-0.521751	0.0146718	1.54198	-1.28055	0.102594	1.10141	-0.914674	0.0732812
1.2121	-0.158203	0.453613	-1.0542	0.357575	0.304522	0.0590256	0.300873	-0.172186	0.00930131	0.940806	-0.693937	0.0239731	0.672003	-0.495669	0.0171236	1.77342	-1.41034	0.0904048	1.26672	-1.00739	0.0645748
1.23274	-0.141602	0.566406	-1.00098	0.390207	0.401927	0.0144032	0.308976	-0.120111	0.00976408	0.98098	-0.61578	0.0268877	0.700699	-0.439842	0.0192055	1.96742	-1.44723	0.0837803	1.4053	-1.03373	0.059843
1.25415	-0.146484	0.703125	-0.940918	0.454103	0.500607	-0.0282222	0.322143	-0.0637957	0.00631775	1.02284	-0.503638	0.0255232	0.730601	-0.359741	0.0182309	2.1359	-1.39348	0.0780739	1.52564	-0.995339	0.055767
1.27641	-0.097168	0.605469	-1.18311	0.339757	0.425567	0.216236	0.323741	-0.0193889	0.0253666	1.05434	-0.37913	0.0435974	0.753101	-0.270807	0.031141	2.27874	-1.26615	0.086908	1.62767	-0.904389	0.0620771
1.29712	-0.0463867	0.666504	-0.867676	0.33761	0.499788	-0.0859586	0.325	0.0277319	0.0152626	1.0781	-0.243075	0.0464036	0.770072	-0.173625	0.0331454	2.39775	-1.07801	0.0952226	1.71268	-0.77001	0.0680161
1.31981	-0.0166016	0.524902	-0.990234	0.224652	0.378716	0.0307608	0.315891	0.0595926	0.0166695	1.08596	-0.114032	0.0498149	0.775688	-0.0814517	0.0355821	2.48836	-0.851462	0.103598	1.7774	-0.608187	0.0739987
1.34096	-0.0737305	0.489746	-0.893066	0.257615	0.315361	-0.0634977	0.3106	0.0828135	0.0093912	1.08629	0.00136182	0.0449733	0.77592	0.000972732	0.0321238	2.55332	-0.607214	0.106122	1.8238	-0.433724	0.0758017
1.36288	-0.237793	0.0283203	-0.0756836	0.207558	-0.110174	-0.911359	0.301244	0.0652901	-0.0742137	1.07716	0.0662629	-0.04209	0.769402	0.0473306	-0.0300642	2.5932	-0.386393	0.0457375	1.85229	-0.275995	0.0326696
1.38354	0.287598	0.0351562	-0.885254	-0.300195	0.124908	-0.127129	0.246626	0.0707041	-0.079019	1.01603	0.118035	-0.109083	0.725734	0.0843105	-0.0779166	2.57802	-0.191685	-0.045247	1.84144	-0.136918	-0.0323193
1.4047	0.144043	0.583984	-1.05029	0.114795	0.476358	0.10671	0.234653	0.107546	-0.0621508	0.960388	0.191857	-0.140067	0.685991	0.13704	-0.100048	2.52743	0.000122786	-0.132367	1.80531	8.7704e-05	-0.0945482
1.42703	0.144043	0.583984	-1.05029	0.114795	0.476358	0.10671	0.223766	0.141045	-0.0468132	0.909757	0.278086	-0.146861	0.649827	0.198633	-0.104901	2.45514	0.19872	-0.199449	1.75367	0.141943	-0.142464
1.44872	0.137695	0.230469	-0.973145	-0.0530893	0.19325	-0.0105948	0.198617	0.145787	-0.0435232	0.848444	0.34442	-0.148424	0.606031	0.246014	-0.106017	2.3597	0.387958	-0.248481	1.6855	0.277113	-0.177486
1.46963	0.0429688	0.0473633	-0.994629	-0.0841639	-0.00871852	-0.00691551	0.172928	0.131751	-0.0401975	0.778959	0.377766	-0.146215	0.556399	0.269833	-0.104439	2.2419	0.546945	-0.281925	1.60136	0.390675	-0.201375
1.49063	-0.0556641	-0.0244141	-1.09326	-0.0596816	-0.129768	0.0855938	0.151795	0.107992	-0.0287692	0.708195	0.377825	-0.133208	0.505853	0.269875	-0.0951488	2.10721	0.66055	-0.296524	1.50515	0.471821	-0.211803
1.51261	-0.196289	-0.342285	-1.42871	-0.197954	-0.475964	0.389668	0.120018	0.0549353	0.00924883	0.625871	0.32481	-0.0859	0.447051	0.232007	-0.0613571	1.9522	0.703828	-0.27316	1.39443	0.502734	-0.195114
1.53334	0.125	-0.628906	0.296875	-0.510224	-0.335837	-1.3552	0.0627524	0.0194287	-0.114728	0.509803	0.251436	-0.176086	0.364145	0.179597	-0.125775	1.75857	0.682332	-0.32089	1.25612	0.48738	-0.229207
1.55529	1.45459	-3.36084	-1.0835	-3.52006	-1.25635	-0.215283	-0.262808	-0.0964976	-0.123866	0.101337	0.0830994	-0.249641	0.0723838	0.0593567	-0.178315	1.32851	0.546736	-0.407522	0.948934	0.390526	-0.291087
1.5767	-0.171875	-0.765625	-1.02588	-0.508015	-0.656272	-0.0103647	-0.28509	-0.147365	-0.113552	-0.212706	-0.0880083	-0.291867	-0.151933	-0.0628631	-0.208476	0.797001	0.327663	-0.499563	0.569287	0.234045	-0.356831
1.59848	-0.251953	-1.35156	-0.988281	-0.877258	-1.04037	0.00745094	-0.338903	-0.228517	-0.102555	-0.490836	-0.29138	-0.311032	-0.350597	-0.208128	-0.222165	0.218689	0.0259166	-0.578996	0.156207	0.0185118	-0.413569
1.62179	-0.22168	-1.2041	-0.833984	-0.757972	-0.886084	-0.0862904	-0.376988	-0.288275	-0.101077	-0.727585	-0.496404	-0.323243	-0.519704	-0.354574	-0.230888	-0.363497	-0.336062	-0.644456	-0.259641	-0.240045	-0.460326
1.64323	-0.125977	-0.771973	-0.855469	-0.464797	-0.518713	-0.0734263	-0.384968	-0.309218	-0.0985643	-0.904672	-0.663792	-0.329452	-0.646194	-0.474137	-0.235323	-0.905835	-0.714182	-0.695649	-0.647025	-0.51013	-0.496892
1.6649	-0.134277	-0.814941	-1.00537	-0.477888	-0.541264	0.0823992	-0.393413	-0.330307	-0.0821176	-1.03961	-0.804444	-0.31744	-0.742576	-0.574603	-0.226743	-1.3896	-1.08473	-0.723635	-0.992572	-0.774809	-0.516882
1.68593	-0.245605	-0.723145	-1.0249	-0.31837	-0.560418	0.103747	-0.386593	-0.351221	-0.0652249	-1.12917	-0.925824	-0.291968	-0.806549	-0.661303	-0.208549	-1.79912	-1.43611	-0.725431	-1.28509	-1.02579	-0.518165
1.70668	-0.0253906	-0.315918	-0.949219	-0.155493	-0.132551	-0.0203484	-0.365588	-0.331346	-0.0611462	-1.17214	-0.99265	-0.269695	-0.837241	-0.709035	-0.192639	-2.12233	-1.73483	-0.710804	-1.51595	-1.23916	-0.507717
1.72747	-0.0810547	-0.213867	-0.967773	-0.0432215	-0.108089	-0.0124053	-0.336288	-0.311054	-0.056716	-1.17353	-1.02009	-0.249355	-0.838235	-0.728636	-0.178111	-2.35418	-1.9678	-0.685828	-1.68156	-1.40557	-0.489877
1.74936	-0.0458984	-0.188477	-1.02344	-0.0675441	-0.089149	0.0356374	-0.311861	-0.290885	-0.0483218	-1.1501	-1.01952	-0.226433	-0.821497	-0.728229	-0.161738	-2.50306	-2.1338	-0.651615	-1.7879	-1.52414	-0.465439
1.76993	-0.0268555	-0.0527344	-1.01221	0.0172099	0.010351	0.0137367	-0.28195	-0.263504	-0.042681	-1.10345	-0.991733	-0.204419	-0.788177	-0.708381	-0.146013	-2.57607	-2.23252	-0.611453	-1.84005	-1.59466	-0.436752
1.79094	-0.243652	-0.218262	-1.00879	0.0527003	-0.255418	0.027932	-0.251532	-0.262769	-0.0362626	-1.03971	-0.97115	-0.182276	-0.742649	-0.693678	-0.130197	-2.5827	-2.28834	-0.566949	-1.84479	-1.63453	-0.404963
1.81349	-0.185059	-0.0649414	-1.0249	0.115068	-0.104539	0.0318525	-0.218209	-0.248386	-0.0300711	-0.960858	-0.942065	-0.160268	-0.686327	-0.672903	-0.114477	-2.53111	-2.30743	-0.519441	-1.80794	-1.64816	-0.371029
1.8361	-0.414551	0.179688	-1.01807	0.434435	-0.0875205	0.0218636	-0.158885	-0.233764	-0.0253503	-0.845212	-0.906667	-0.139828	-0.603723	-0.64762	-0.0998768	-2.41166	-2.29578	-0.470906	-1.72262	-1.63985	-0.336361
1.85903	-0.500488	0.132812	-1.13916	0.449719	-0.171011	0.155128	-0.103563	-0.22806	-0.00894488	-0.707286	-0.875679	-0.108822	-0.505204	-0.625485	-0.0777298	-2.22782	-2.26533	-0.414091	-1.5913	-1.61809	-0.295779
1.88	-0.461426	0.0307617	-0.907715	0.333965	-0.239583	-0.0678661	-0.0637914	-0.229107	-0.0143008	-0.568995	-0.854592	-0.0920306	-0.406425	-0.610423	-0.0657362	-1.99773	-2.22852	-0.361516	-1.42695	-1.5918	-0.258225
1.903	-0.5	0.162109	-1.34961	0.426929	-0.13857	0.377046	-0.0191843	-0.220877	0.0212731	-0.42561	-0.8313	-0.0444631	-0.304007	-0.593786	-0.0317594	-1.73095	-2.18558	-0.289985	-1.2364	-1.56113	-0.207132
1.92364	-0.609863	0.174805	-1.00684	0.495963	-0.219077	0.0593557	0.0276437	-0.220714	0.0247349	-0.276363	-0.8145	-0.00702449	-0.197402	-0.581786	-0.00501749	-1.4338	-2.14292	-0.212149	-1.02414	-1.53066	-0.151535
1.9451	-0.501953	-0.0800781	-0.82666	0.253352	-0.336601	-0.125787	0.0481612	-0.231248	0.011052	-0.149241	-0.813034	0.00603455	-0.106601	-0.580738	0.00431039	-1.13074	-2.11139	-0.147225	-0.807673	-1.50814	-0.105161
1.96623	-0.501953	-0.0800781	-0.82666	0.253352	-0.336601	-0.125787	0.0668138	-0.240825	-0.00138707	-0.039787	-0.821563	0.00292333	-0.0284193	-0.586831	0.00208809	-0.836092	-2.09497	-0.103073	-0.597209	-1.49641	-0.0736233
1.98774	-0.258789	0.0673828	-1.03076	0.174022	-0.0288457	0.0501742	0.0765595	-0.221555	0.00330006	0.0481402	-0.808386	0.00538815	0.0343858	-0.577419	0.00384868	-0.562823	-2.07383	-0.0697746	-0.402016	-1.4813	-0.049839
2.00898	-0.172852	0.152344	-1.05371	0.170784	0.0958043	0.0606825	0.0851249	-0.192706	0.00851639	0.119511	-0.770125	0.0123651	0.0853648	-0.550089	0.00883219	-0.316652	-2.03139	-0.0410068	-0.22618	-1.45099	-0.0292906
2.03255	-0.172852	0.152344	-1.05371	0.170784	0.0958043	0.0606825	0.0929118	-0.166479	0.0132585	0.178277	-0.716568	0.0220907	0.12734	-0.511834	0.0157791	-0.0988393	-1.96283	-0.0135115	-0.0705995	-1.40202	-0.00965106
2.05384	-0.059082	-0.0395508	-0.967285	-0.0492651	0.0169648	-0.0315059	0.0799871	-0.149803	0.00918922	0.207328	-0.661637	0.0249683	0.148091	-0.472598	0.0178345	0.0774916	-1.87462	0.00818345	0.0553512	-1.33901	0.00584532
2.07535	0.0366211	-0.183105	-1.01074	-0.218057	-0.021918	0.00421095	0.0528933	-0.138177	0.00873666	0.200984	-0.610775	0.0265712	0.14356	-0.436268	0.0189794	0.198911	-1.77528	0.0248247	0.14208	-1.26806	0.017732
2.0987	0.0473633	-0.0112305	-1.15869	-0.116484	0.114869	0.148117	0.0374958	-0.115174	0.0214071	0.181056	-0.551442	0.0403866	0.129326	-0.393887	0.0288475	0.271405	-1.66195	0.0465795	0.193861	-1.1871	0.0332711
2.11915	0.271973	-0.0595703	-1.10352	-0.30215	0.222123	0.0745376	0.00661984	-0.0845115	0.026237	0.135946	-0.478399	0.0550846	0.097104	-0.341713	0.0393461	0.290965	-1.52882	0.0726172	0.207832	-1.09201	0.0518694
2.1397	0.264648	-0.0532227	-0.893066	-0.274022	0.20337	-0.131673	-0.0188924	-0.0583412	0.011882	0.0782116	-0.400054	0.0512281	0.0558654	-0.285753	0.0365915	0.263698	-1.37777	0.0884609	0.188355	-0.984118	0.0631864
2.16196	-0.134277	-0.0390625	-1.23779	0.0055718	-0.0357773	0.245141	-0.0166684	-0.05629	0.0330868	0.039197	-0.342043	0.0696783	0.0279979	-0.244317	0.0497702	0.216353	-1.22843	0.112957	0.154538	-0.877454	0.0806833
2.18416	0.44043	-0.0888672	-1.06787	-0.425959	0.302484	0.0340632	-0.0538759	-0.0236748	0.0331756	-0.025878	-0.267991	0.0829458	-0.0184843	-0.191422	0.059247	0.136054	-1.06888	0.13993	0.0971812	-0.763483	0.0999502
2.20498	0.221191	-0.00488281	-0.915039	-0.195865	0.193832	-0.0998265	-0.0667837	-0.00390189	0.0210847	-0.085268	-0.195324	0.0803318	-0.0609057	-0.139517	0.0573798	0.0362755	-0.903	0.15733	0.0259111	-0.645	0.112379
2.22617	0.258789	-0.00439453	-1.0542	-0.221464	0.221711	0.0392907	-0.0808453	0.016608	0.0227398	-0.141751	-0.122909	0.0801196	-0.101251	-0.0877924	0.0572283	-0.0753397	-0.732793	0.169607	-0.053814	-0.523423	0.121148
2.24713	0.0825195	0.0664062	-0.958984	-0.0398542	0.144553	-0.0469069	-0.0771189	0.0282392	0.0164084	-0.17837	-0.0595532	0.0736367	-0.127407	-0.042538	0.0525976	-0.181221	-0.565961	0.173745	-0.129444	-0.404258	0.124104
2.26966	0.30957	0.0205078	-1.04932	-0.232271	0.264962	0.035937	-0.0912234	0.0497591	0.0181837	-0.21863	0.00722105	0.0707813	-0.156164	0.0051579	0.0505581	-0.285608	-0.3991	0.174662	-0.204006	-0.285072	0.124759
2.29101	0.244141	-0.0986328	-1.01367	-0.261527	0.129309	0.00585604	-0.106705	0.0569908	0.017063	-0.26287	0.0621487	0.0676211	-0.187764	0.0443919	0.0483008	-0.39177	-0.24068	0.173059	-0.279836	-0.171914	0.123614
2.31328	0.248047	-0.14209	-1.04346	-0.284389	0.10176	0.0388876	-0.122858	0.0610607	0.019047	-0.310622	0.105453	0.0673478	-0.221873	0.0753233	0.0481056	-0.501709	-0.0965907	0.171719	-0.358363	-0.0689934	0.122657
2.33689	0.225586	0.0390625	-1.08984	-0.135983	0.214351	0.0843136	-0.124051	0.0749961	0.0249803	-0.345924	0.150319	0.0730858	-0.247089	0.107371	0.0522042	-0.605452	0.0383776	0.174861	-0.432466	0.0274125	0.124901
2.3594	0.171875	0.0161133	-1.05811	-0.110611	0.155661	0.0549514	-0.12283	0.0823292	0.0277049	-0.369918	0.1897	0.0799091	-0.264228	0.1355	0.0570779	-0.696693	0.162913	0.181979	-0.497638	0.116366	0.129985
2.37976	0.183594	0.0175781	-1.0625	-0.116379	0.158534	0.0603042	-0.122243	0.0892568	0.0306685	-0.386471	0.224757	0.0877464	-0.27605	0.160541	0.062676	-0.773689	0.276907	0.192661	-0.552635	0.197791	0.137615
2.40089	0.436035	0.102051	-0.901855	-0.237523	0.383243	-0.0996711	-0.132723	0.115983	0.0188195	-0.408773	0.276523	0.0814955	-0.291981	0.197517	0.0582111	-0.844616	0.395307	0.195826	-0.603297	0.282362	0.139876
2.42448	0.206543	-0.0488281	-1.29102	-0.149421	0.121475	0.294095	-0.134241	0.116482	0.0438444	-0.426222	0.313999	0.102055	-0.304444	0.224285	0.0728968	-0.907741	0.506647	0.212772	-0.648387	0.361891	0.15198
2.44515	0.528809	-0.03125	-0.981934	-0.374747	0.330669	-0.00248748	-0.156105	0.135953	0.0396324	-0.460549	0.360238	0.112529	-0.328964	0.257313	0.080378	-0.977351	0.619204	0.232358	-0.698108	0.442288	0.16597
2.46561	0.355957	0.193359	-1.06982	-0.0858202	0.375771	0.0770553	-0.149716	0.157755	0.0430345	-0.478679	0.415068	0.123413	-0.341914	0.296477	0.0881518	-1.04002	0.738765	0.254122	-0.742872	0.52769	0.181516
2.48626	0.359863	0.239746	-1.0498	-0.0493092	0.409445	0.0578249	-0.140588	0.180636	0.0443791	-0.482502	0.477113	0.132531	-0.344644	0.340795	0.0946649	-1.08752	0.868484	0.276181	-0.776798	0.620346	0.197272
2.5071	-0.00390625	-0.365723	-1.04248	-0.189801	-0.278538	0.0521054	-0.145062	0.138893	0.0450815	-0.489706	0.479688	0.139746	-0.34979	0.342634	0.0998188	-1.12659	0.96298	0.297091	-0.804705	0.687843	0.212208
2.52882	0.181641	-0.379395	-0.974609	-0.329599	-0.15349	-0.00270253	-0.161838	0.112313	0.0407375	-0.511627	0.454947	0.140556	-0.365448	0.324962	0.100397	-1.17015	1.0128	0.312605	-0.835824	0.723432	0.223289
2.55105	0.181641	-0.379395	-0.974609	-0.329599	-0.15349	-0.00270253	-0.177089	0.0881488	0.0367884	-0.542537	0.413111	0.137186	-0.387526	0.295079	0.0979899	-1.22335	1.01851	0.321279	-0.873822	0.727508	0.229485
2.57217	0.0893555	-0.0332031	-0.993652	-0.0136464	0.0427357	-0.00279421	-0.16223	0.0840204	0.03319	-0.549757	0.379099	0.13118	-0.392683	0.270785	0.0936999	-1.26651	0.998293	0.323185	-0.904646	0.713067	0.230846
2.59309	0.0576172	-0.0761719	-1.05176	-0.0110167	-0.00399219	0.0560205	-0.148484	0.0760192	0.0352655	-0.541167	0.346805	0.128965	-0.386548	0.247718	0.0921181	-1.29119	0.960784	0.322965	-0.922282	0.686274	0.230689
2.61558	0.164062	-0.103027	-0.988281	-0.106178	0.0523398	0.000108957	-0.144638	0.0738666	0.0320695	-0.531186	0.321584	0.124188	-0.379418	0.229703	0.0887054	-1.3017	0.915977	0.319394	-0.929786	0.65427	0.228139
2.64011	0.0805664	0.00439453	-0.937988	0.0240535	0.0724261	-0.0616459	-0.129302	0.0737356	0.0235499	-0.508721	0.303439	0.112255	-0.363372	0.216742	0.0801824	-1.29316	0.871011	0.308321	-0.923684	0.622151	0.220229
2.6613	0.0375977	-0.118652	-0.993652	-0.0217948	-0.0427492	0.000267148	-0.119529	0.0631461	0.0214333	-0.482901	0.279888	0.101616	-0.344929	0.19992	0.0725826	-1.26861	0.822071	0.292812	-0.906152	0.587193	0.209151
2.68421	0.165039	-0.255859	-0.925781	-0.211217	-0.0523263	-0.0500408	-0.127864	0.0526486	0.0149357	-0.472793	0.252569	0.0875183	-0.337709	0.180406	0.062513	-1.24386	0.7676	0.271665	-0.888473	0.548285	0.194046
2.7051	0.19873	-0.45752	-1.30615	-0.308128	-0.129028	0.357667	-0.144252	0.0361326	0.046093	-0.481961	0.216539	0.108606	-0.344258	0.154671	0.0775758	-1.23273	0.702956	0.271622	-0.880522	0.502111	0.194016
2.72559	0.251465	-0.493164	-0.877441	-0.411997	-0.142534	-0.0585694	-0.168592	0.0198902	0.0365783	-0.51285	0.174561	0.114154	-0.366322	0.124686	0.0815386	-1.24684	0.626798	0.275554	-0.890603	0.447713	0.196824
2.74671	-0.269043	-1.09229	-0.89209	-0.477801	-0.922095	-0.00866687	-0.196702	-0.0657447	0.0324651	-0.563024	0.0589416	0.114004	-0.40216	0.0421011	0.0814312	-1.29276	0.489814	0.278256	-0.923402	0.349867	0.198754
2.76831	0.990234	-0.624512	-1.06445	-0.98284	0.320097	0.197999	-0.268169	-0.0306682	0.0475136	-0.670329	0.0114329	0.128945	-0.478806	0.00816633	0.0921035	-1.40221	0.358033	0.290857	-1.00158	0.255738	0.207755
2.78963	0.0405273	-1.00293	-1.03125	-0.592222	-0.618694	0.156494	-0.297628	-0.0841251	0.0574209	-0.776435	-0.0759587	0.149524	-0.554596	-0.0542562	0.106803	-1.55617	0.201482	0.314558	-1.11155	0.143916	0.224685
2.81133	0.111328	-0.830566	-0.928223	-0.526565	-0.43893	0.0458976	-0.318441	-0.11638	0.0563733	-0.873037	-0.170636	0.163176	-0.623598	-0.121883	0.116555	-1.73515	0.0220326	0.341239	-1.23939	0.0157376	0.243742
2.83426	-0.00634766	-0.612305	-0.974609	-0.277953	-0.366271	0.0551817	-0.31476	-0.139097	0.056265	-0.938358	-0.26098	0.17282	-0.670256	-0.186415	0.123443	-1.90965	-0.170677	0.367185	-1.36403	-0.121912	0.262275
2.85717	-0.103516	-0.405273	-1.03613	-0.0488486	-0.288447	0.0783994	-0.290586	-0.152675	0.0582772	-0.960842	-0.339089	0.18172	-0.686316	-0.242207	0.1298	-2.05035	-0.364119	0.392075	-1.46454	-0.260085	0.280053
2.87944	-0.0449219	-0.381836	-1.08105	-0.0609778	-0.224146	0.123626	-0.269713	-0.159172	0.0642181	-0.956028	-0.401379	0.194018	-0.682877	-0.286699	0.138584	-2.14741	-0.546784	0.418638	-1.53387	-0.39056	0.299027
2.90147	0.0683594	-0.165039	-1.02148	0.00489205	0.00176761	0.0369736	-0.244749	-0.144541	0.0617413	-0.927626	-0.43124	0.200326	-0.66259	-0.308029	0.14309	-2.19646	-0.698588	0.442117	-1.5689	-0.498992	0.315798
2.92237	-0.0546875	-0.0927734	-0.994141	0.142806	-0.0304831	-0.0107627	-0.209516	-0.134172	0.05515	-0.872107	-0.442201	0.19824	-0.622933	-0.315858	0.1416	-2.19183	-0.814849	0.457397	-1.56559	-0.582035	0.326712
2.9427	-0.0429688	0.202637	-1.0293	0.331098	0.192509	-0.022414	-0.16037	-0.104474	0.0480988	-0.783303	-0.420332	0.189699	-0.559502	-0.300237	0.135499	-2.1251	-0.882272	0.462211	-1.51793	-0.630194	0.330151
2.96468	-0.0429688	0.202637	-1.0293	0.331098	0.192509	-0.022414	-0.115691	-0.0774755	0.0416885	-0.675193	-0.377712	0.177187	-0.482281	-0.269795	0.126562	-2.00021	-0.899989	0.456713	-1.42872	-0.642849	0.326224
2.98586	0.0913086	0.373535	-1.05469	0.321203	0.393718	0.00102282	-0.0759734	-0.0346398	0.0379916	-0.558254	-0.304434	0.164554	-0.398753	-0.217453	0.117539	-1.82747	-0.860302	0.443763	-1.30534	-0.614502	0.316973
3.00728	0.065918	0.459961	-1.01562	0.374109	0.428861	-0.0389986	-0.0350568	0.00749668	0.0309925	-0.43381	-0.209956	0.148531	-0.309864	-0.149969	0.106094	-1.6152	-0.764471	0.423067	-1.15372	-0.54605	0.302191
3.02771	-0.0214844	0.411133	-1.11328	0.403879	0.325225	0.0677065	0.00484645	0.0363811	0.0343301	-0.305018	-0.113588	0.140424	-0.21787	-0.0811341	0.100303	-1.37159	-0.627185	0.402493	-0.979704	-0.447989	0.287495
3.04927	0.0439453	0.328613	-1.08252	0.2872	0.29608	0.0543334	0.030515	0.05999	0.0361486	-0.187355	-0.0211441	0.136451	-0.133825	-0.0151029	0.0974653	-1.11353	-0.463092	0.384961	-0.795377	-0.33078	0.274972
3.07004	0.12793	0.652344	-1.00928	0.401852	0.588876	-0.0241416	0.0642729	0.108071	0.0306677	-0.069552	0.0929676	0.128133	-0.04968	0.0664054	0.0915236	-0.845057	-0.264375	0.366495	-0.603612	-0.188839	0.261782
3.0913	0.0932617	0.559082	-1.2207	0.374005	0.483027	0.199246	0.0924304	0.142157	0.045993	0.0427503	0.208563	0.137517	0.030536	0.148973	0.0982261	-0.573077	-0.0398655	0.360009	-0.40934	-0.0284754	0.257149
3.11395	0.0922852	0.856445	-0.793945	0.496717	0.714487	-0.215688	0.129184	0.194187	0.0222038	0.15972	0.343161	0.12043	0.114085	0.245115	0.0860214	-0.295255	0.21664	0.34317	-0.210896	0.154743	0.245122
3.13465	-0.0126953	0.811035	-0.924316	0.549285	0.597898	-0.0763631	0.167375	0.230888	0.0132432	0.28146	0.476003	0.0992646	0.201043	0.340002	0.0709033	-0.00985354	0.494745	0.316025	-0.00703824	0.353389	0.225732
3.15516	-0.00390625	0.754395	-1.06445	0.507603	0.534212	0.0766355	0.198304	0.258463	0.0190061	0.399347	0.598466	0.0899094	0.285248	0.427475	0.064221	0.27821	0.780865	0.289953	0.198721	0.55776	0.207109
3.17893	0.0688477	0.654785	-0.907715	0.378892	0.493393	-0.0670296	0.214722	0.27982	0.0111847	0.49997	0.707296	0.0754057	0.357121	0.505211	0.0538612	0.555843	1.06297	0.260971	0.39703	0.759266	0.186408
3.20004	0.0776367	0.571289	-1.01123	0.323615	0.409124	0.0406137	0.224621	0.291575	0.0138601	0.581742	0.796787	0.0677213	0.41553	0.569133	0.0483723	0.81256	1.3284	0.23478	0.5804	0.948856	0.1677
3.22045	0.019043	0.108887	-1.00781	0.0779798	0.00241318	0.0108503	0.21129	0.265288	0.0135864	0.62682	0.834421	0.0619588	0.447729	0.596015	0.0442563	1.02813	1.54487	0.211956	0.734378	1.10348	0.151397
3.24276	0.00195312	0.108398	-1.08643	0.0970986	-0.00596332	0.0874794	0.200909	0.240629	0.020304	0.648638	0.836644	0.0645602	0.463313	0.597603	0.0461145	1.19769	1.70108	0.197512	0.855493	1.21506	0.14108
3.26469	0.00195312	0.108398	-1.08643	0.0970986	-0.00596332	0.0874794	0.191472	0.218211	0.0264108	0.654784	0.815814	0.0725253	0.467703	0.582724	0.0518038	1.3232	1.79778	0.192884	0.94514	1.28413	0.137774
3.28526	-0.0307617	0.00146484	-1.06738	0.0639819	-0.0908961	0.0620258	0.179882	0.190111	0.0296485	0.647585	0.772835	0.0814523	0.462561	0.552025	0.0581802	1.4077	1.83616	0.195954	1.0055	1.31154	0.139967
3.30962	-0.140625	-0.0263672	-1.0166	0.130502	-0.16869	0.00422227	0.175393	0.157492	0.0273371	0.637953	0.709517	0.0855173	0.455681	0.506798	0.0610838	1.46118	1.81834	0.201051	1.0437	1.29881	0.143608
3.33242	-0.140625	-0.0263672	-1.0166	0.130502	-0.16869	0.00422227	0.171312	0.127839	0.0252357	0.626992	0.634637	0.0863195	0.447852	0.453312	0.0616568	1.49155	1.75213	0.205265	1.06539	1.25152	0.146618
3.35415	0.0615234	-0.138672	-0.987305	-0.0744532	-0.0942864	-0.00835884	0.148969	0.107646	0.0221817	0.596821	0.560958	0.0838385	0.426301	0.400685	0.0598846	1.4917	1.6522	0.206502	1.0655	1.18014	0.147502
3.37466	0.15918	0.00585938	-1.01318	-0.0727187	0.0529674	0.0216751	0.128816	0.102675	0.0221356	0.555117	0.50336	0.0820202	0.396512	0.359543	0.0585859	1.46201	1.53969	0.206088	1.04429	1.09978	0.147205
3.39607	0.0761719	0.0410156	-1.05029	0.00521473	0.012469	0.0537634	0.117579	0.0944747	0.0250109	0.514091	0.454018	0.0835968	0.367208	0.324298	0.059712	1.4115	1.42408	0.206917	1.00821	1.0172	0.147798
3.41804	-0.0454102	0.0131836	-0.973145	0.073634	-0.0833586	-0.0320768	0.113584	0.0783081	0.0198211	0.480792	0.402606	0.0795331	0.343423	0.287576	0.0568093	1.35164	1.30477	0.204607	0.965455	0.93198	0.146148
3.43962	-0.124512	0.0224609	-0.992676	0.122587	-0.143007	-0.0171804	0.114403	0.0581885	0.0164573	0.457826	0.345764	0.0732666	0.327019	0.246975	0.0523333	1.29247	1.17895	0.198481	0.923196	0.842111	0.141772
3.46003	-0.137695	-0.182129	-0.791992	-0.0197984	-0.32293	-0.241906	0.102203	0.0235414	-0.00703022	0.429221	0.270516	0.0453031	0.306587	0.193226	0.0323594	1.22978	1.03534	0.174132	0.878416	0.739526	0.12438
3.48255	0.16748	0.109863	-0.867188	-0.050492	0.10338	-0.117449	0.0883213	0.0307995	-0.0170683	0.394908	0.224025	0.0152911	0.282077	0.160018	0.0109222	1.16049	0.899544	0.135302	0.828924	0.642532	0.0966444
3.5042	0.16748	0.109863	-0.867188	-0.050492	0.10338	-0.117449	0.075702	0.0373978	-0.0261937	0.357779	0.197416	-0.0152715	0.255556	0.141011	-0.0109082	1.08448	0.783543	0.0857361	0.774629	0.559673	0.0612401
3.52595	-0.0371094	-0.168457	-1.10107	-0.0186911	-0.205415	0.095251	0.0671208	0.0153239	-0.0151533	0.322677	0.156335	-0.0260615	0.230484	0.111668	-0.0186154	1.00511	0.671341	0.0426247	0.717937	0.47953	0.0304462
3.54742	0.0454102	0.153809	-0.879883	0.117462	0.0950291	-0.118476	0.0716973	0.0225698	-0.0245463	0.302181	0.134238	-0.0431617	0.215844	0.0958842	-0.0308298	0.933781	0.575414	-0.000383535	0.666986	0.41101	-0.000273954
3.56834	0.0170898	-0.281738	-1.03418	-0.12895	-0.230357	0.0389917	0.0534566	-0.000423536	-0.0187701	0.2693	0.0954606	-0.0495998	0.192357	0.0681862	-0.0354285	0.859344	0.479196	-0.0357024	0.613817	0.342283	-0.0255017
3.58896	0.0214844	0.0351562	-1.02832	0.0841448	0.0116108	0.0256339	0.0562465	0.000670492	-0.0147334	0.248604	0.0688567	-0.0501618	0.177574	0.0491833	-0.0358299	0.791391	0.391466	-0.0613316	0.565279	0.279619	-0.0438083
3.61025	0.287598	0.552246	-0.989258	0.232143	0.547868	0.00611591	0.072237	0.0504157	-0.012838	0.249811	0.0995991	-0.0486678	0.178437	0.0711422	-0.0347628	0.743716	0.350761	-0.078571	0.531226	0.250544	-0.0561222
3.63211	-0.0717773	-0.180664	-1.00293	-0.0113261	-0.226376	-0.00386477	0.0646404	0.0252529	-0.0120222	0.243077	0.0963951	-0.046785	0.173626	0.0688536	-0.0334178	0.704852	0.319397	-0.08954	0.503466	0.228141	-0.0639572
3.65311	0.0273438	-0.0410156	-0.992676	0.00829123	-0.0590102	-0.00788891	0.0595177	0.0175926	-0.0116465	0.233144	0.0864463	-0.0450643	0.166532	0.0617473	-0.0321888	0.669997	0.289888	-0.096146	0.47857	0.207063	-0.0686757
3.67491	0.0302734	-0.0429688	-1.00098	0.00530034	-0.0574002	0.000696778	0.0545889	0.0107751	-0.0105244	0.22112	0.0725224	-0.0427132	0.157943	0.0518017	-0.0305094	0.636513	0.258865	-0.0991851	0.454652	0.184903	-0.0708465
3.69536	0.0224609	-0.0678711	-1.02686	-0.00670315	-0.0823255	0.026022	0.0490169	0.00231141	-0.00720197	0.20696	0.0541131	-0.0377114	0.147829	0.0386522	-0.0269367	0.60248	0.223556	-0.0977832	0.430343	0.159683	-0.0698451
3.71689	0.0385742	0.109863	-0.963867	0.0810122	0.0412153	-0.0333893	0.0519255	0.00584812	-0.00958264	0.199754	0.0445004	-0.0365193	0.142682	0.031786	-0.0260852	0.573025	0.191469	-0.0959304	0.409303	0.136763	-0.0685217
3.73821	0.0327148	0.00537109	-1.01758	0.015171	-0.0410179	0.0171783	0.0485842	0.00158757	-0.00714982	0.191266	0.0333735	-0.0332351	0.136618	0.0238382	-0.0237393	0.545922	0.160602	-0.092261	0.389944	0.114715	-0.0659007
3.76002	0.0507812	-0.00585938	-1.08203	-0.00963345	-0.0436406	0.0823158	0.0432917	-0.00252408	0.000983411	0.17991	0.0213142	-0.0227559	0.128507	0.0152244	-0.0162542	0.518451	0.12994	-0.082155	0.370322	0.0928141	-0.0586821
3.78237	0.0620117	-0.0537109	-1.12256	-0.0418816	-0.0720917	0.12246	0.0355487	-0.00884841	0.0120267	0.164056	0.00637599	-0.00422748	0.117183	0.00455428	-0.00301963	0.487505	0.0973684	-0.0617017	0.348218	0.0695489	-0.0440727
3.80477	0.0620117	-0.0537109	-1.12256	-0.0418816	-0.0720917	0.12246	0.0285096	-0.0145978	0.0220661	0.145692	-0.0100435	0.0190465	0.104066	-0.00717394	0.0136046	0.452284	0.0623749	-0.030468	0.32306	0.0445535	-0.0217629
3.82743	0.046875	-0.0429688	-0.984375	-0.0277536	-0.064138	-0.0160519	0.0233947	-0.0191015	0.0186009	0.127461	-0.0262754	0.0322055	0.0910434	-0.0187681	0.0230039	0.414103	0.0257854	0.00124105	0.295788	0.0184181	0.000886466
3.84925	0.0317383	-0.0302734	-1.02637	0.004026	-0.0551299	0.0258157	0.021634	-0.0223768	0.0192568	0.112677	-0.0411449	0.0422607	0.0804838	-0.0293892	0.0301862	0.376272	-0.0109711	0.0310727	0.268766	-0.0078365	0.0221948
3.87084	0.0283203	0.0439453	-0.920898	0.0523077	0.00292802	-0.0791078	0.0244225	-0.0200763	0.0103145	0.104906	-0.0494656	0.0405007	0.0749331	-0.0353325	0.0289291	0.343699	-0.043169	0.0511239	0.245499	-0.030835	0.036517
3.89129	0.03125	-0.00244141	-1.00439	0.0274303	-0.0262686	0.00416565	0.0246959	-0.0206393	0.00975554	0.099629	-0.0559718	0.0386846	0.0711636	-0.0399799	0.0276319	0.316663	-0.0708149	0.0641489	0.226188	-0.0505821	0.0458207
3.914	0.0307617	0.0117188	-0.988281	0.0353349	-0.0156891	-0.0119267	0.0256631	-0.0201892	0.00778443	0.0968266	-0.0601691	0.0354163	0.0691619	-0.0429779	0.0252974	0.29535	-0.09356	0.071118	0.210964	-0.0668286	0.0507986
3.93538	0.0297852	-0.0170898	-1.01465	0.0174434	-0.0381859	0.014361	0.0249158	-0.0218253	0.00838231	0.0940777	-0.0648032	0.0336797	0.0671984	-0.046288	0.0240569	0.278162	-0.113117	0.0748555	0.198687	-0.0807976	0.0534682
3.95599	0.0273438	-0.0263672	-1.01807	0.0134775	-0.0449374	0.017694	0.023876	-0.0239264	0.00922882	0.0910744	-0.0702144	0.0332857	0.0650531	-0.0501532	0.0237755	0.263741	-0.130951	0.0772438	0.188386	-0.0935362	0.0551741
3.97832	0.0302734	-0.0336914	-1.01709	0.00613578	-0.0478897	0.0169524	0.0222633	-0.0261049	0.00993097	0.0873164	-0.076258	0.0337065	0.0623688	-0.05447	0.0240761	0.250755	-0.148006	0.0792502	0.179111	-0.105719	0.0566073
4.00016	0.0375977	-0.0180664	-1.01367	0.0101135	-0.0315239	0.0139894	0.0211587	-0.0265975	0.0102999	0.0835276	-0.0810676	0.034376	0.0596626	-0.0579054	0.0245543	0.238773	-0.163624	0.0811615	0.170552	-0.116874	0.0579725
4.02217	0.0375977	-0.0180664	-1.01367	0.0101135	-0.0315239	0.0139894	0.0201546	-0.0270454	0.0106353	0.0798172	-0.0849508	0.0351896	0.0570123	-0.0606791	0.0251354	0.227565	-0.177554	0.083108	0.162546	-0.126824	0.0593628
4.04483	0.0400391	-0.0664062	-1.0498	-0.0261339	-0.0686541	0.0500984	0.0159466	-0.030828	0.0142229	0.0729589	-0.0915071	0.0393583	0.0521135	-0.0653622	0.0281131	0.21466	-0.192186	0.0874759	0.153328	-0.137276	0.0624828
4.06752	0.043457	-0.0253906	-1.02393	-0.00651493	-0.0394323	0.0243828	0.0139046	-0.0316102	0.0151465	0.0660181	-0.0969724	0.0432596	0.0471558	-0.069266	0.0308997	0.200484	-0.206542	0.0933825	0.143203	-0.14753	0.0667018
4.08939	0.012207	-0.0244141	-1.04883	0.0154391	-0.0605527	0.0473206	0.0140441	-0.0342413	0.0180714	0.0611999	-0.103507	0.0489711	0.0437142	-0.0739338	0.0349794	0.186917	-0.221464	0.101681	0.133512	-0.158188	0.0726294
4.11008	0.03125	0.0107422	-0.981934	0.0209736	-0.0196328	-0.0179307	0.0146741	-0.0329133	0.0147985	0.0583883	-0.106847	0.0497779	0.0417059	-0.0763194	0.0355556	0.175218	-0.234508	0.108185	0.125156	-0.167506	0.0772751
4.13137	0.0263672	0.0185547	-0.98291	0.0296978	-0.0172639	-0.0171613	0.0160399	-0.0314906	0.0118931	0.0577458	-0.10781	0.0474487	0.041247	-0.0770071	0.0338919	0.166403	-0.244513	0.111167	0.118859	-0.174652	0.079405
4.15203	0.0214844	0.0317383	-0.960449	0.0419509	-0.00871678	-0.0397418	0.0183954	-0.0294203	0.007199	0.0596424	-0.106427	0.0410909	0.0426017	-0.0760196	0.0293507	0.161461	-0.250671	0.108756	0.115329	-0.179051	0.0776826
4.17446	0.0332031	-0.0317383	-1.0708	-0.00363091	-0.0488947	0.0706635	0.016393	-0.0311907	0.0129685	0.0589947	-0.10721	0.0423192	0.0421391	-0.0765787	0.030228	0.157468	-0.25563	0.107911	0.112477	-0.182593	0.077079
4.19549	0.0400391	-0.0288086	-1.04248	-0.00259013	-0.0355723	0.0430372	0.0146673	-0.031589	0.015702	0.0568064	-0.108168	0.04593	0.040576	-0.0772627	0.0328071	0.153053	-0.259855	0.109886	0.109324	-0.185611	0.0784901
4.21856	0.0380859	0.00244141	-1.01025	0.021272	-0.00946733	0.0107063	0.0152677	-0.0295779	0.0152479	0.0558437	-0.106841	0.048055	0.0398884	-0.0763147	0.034325	0.149212	-0.261926	0.112815	0.10658	-0.18709	0.0805822
4.2389	0.0375977	-0.0205078	-1.02441	0.0108956	-0.0214758	0.0250261	0.0148702	-0.0288414	0.0161368	0.0547586	-0.105156	0.0504618	0.0391133	-0.0751115	0.0360441	0.145693	-0.262201	0.116626	0.104067	-0.187287	0.0833045
4.26017	0.0429688	0.00195312	-1.00732	0.0214465	-0.000485197	0.00801396	0.0154681	-0.0262635	0.0153983	0.0545814	-0.101375	0.0514425	0.0389867	-0.0724107	0.0367446	0.143053	-0.259697	0.120049	0.102181	-0.185498	0.0857494
4.28225	0.0390625	-0.015625	-1.00488	0.0120277	-0.0157137	0.0055685	0.0151553	-0.0253045	0.0145047	0.054142	-0.0977152	0.0512493	0.0386729	-0.0697966	0.0366067	0.140854	-0.255295	0.122356	0.10061	-0.182353	0.0873972
4.30639	0.0380859	-0.0205078	-1.01611	0.0100479	-0.0193838	0.0167992	0.014691	-0.0247662	0.0147133	0.0533639	-0.0945628	0.05132	0.0381171	-0.0675449	0.0366571	0.138727	-0.249898	0.124054	0.0990907	-0.178499	0.0886102
4.32731	0.0332031	-0.0209961	-1.01514	0.0127195	-0.0219281	0.0155803	0.0145118	-0.0245082	0.0147921	0.0526288	-0.0920531	0.0514493	0.037592	-0.0657522	0.0367495	0.136683	-0.244251	0.12536	0.0976305	-0.174465	0.0895427
4.34815	0.0283203	-0.0307617	-1.01172	0.00849258	-0.0321892	0.012035	0.0139646	-0.0252065	0.0145415	0.0515566	-0.0909587	0.051291	0.0368262	-0.0649705	0.0366364	0.134457	-0.239435	0.126179	0.0960405	-0.171025	0.0901279
4.3686	0.0322266	-0.0141602	-1.01562	0.0102307	-0.0241048	0.0158975	0.0136251	-0.0251063	0.0146648	0.0504513	-0.0900768	0.0513012	0.0360366	-0.0643406	0.0366437	0.132077	-0.235366	0.126772	0.0943408	-0.168119	0.0905511
4.39057	0.0351562	-0.0180664	-1.02588	0.00265137	-0.0279313	0.0262567	0.0126275	-0.0253631	0.0157186	0.0486642	-0.0897037	0.0523623	0.0347601	-0.0640741	0.0374016	0.129101	-0.232193	0.127953	0.0922149	-0.165852	0.0913948
4.41211	0.0366211	-0.0107422	-1.02295	0.00573524	-0.0217226	0.0234144	0.012001	-0.0250322	0.0164182	0.0467611	-0.0891063	0.0538198	0.0334008	-0.0636473	0.0384427	0.125616	-0.229499	0.129838	0.0897255	-0.163928	0.0927411
4.4356	0.0385742	-0.00732422	-1.03174	1.83647e-05	-0.0245384	0.0321934	0.0109116	-0.0249873	0.0178523	0.0443124	-0.0886346	0.056295	0.0316517	-0.0633105	0.0402107	0.121377	-0.227238	0.132952	0.086698	-0.162313	0.0949656
4.45663	0.059082	-0.00439453	-1.00977	-0.0124826	-0.00767204	0.0113961	0.00878488	-0.0234132	0.0172654	0.0404366	-0.0867236	0.0574761	0.0288833	-0.0619455	0.0410544	0.115581	-0.224259	0.13602	0.0825581	-0.160185	0.0971571
4.4795	0.0405273	0.015625	-1	0.014303	-0.00536735	0.000826359	0.00928653	-0.0217727	0.0157709	0.0381698	-0.0837181	0.0568253	0.0272641	-0.0597987	0.0405895	0.109822	-0.219983	0.137747	0.0784444	-0.157131	0.0983904
4.50222	0.0395508	-0.00195312	-1.01953	0.00295745	-0.0195659	0.020108	0.00871116	-0.021572	0.0161652	0.0359753	-0.0813707	0.0567547	0.0256966	-0.0581219	0.0405391	0.104141	-0.215253	0.138929	0.0743865	-0.153752	0.0992353
4.52288	0.034668	-0.0551758	-1.07129	-0.0201002	-0.0548032	0.0716805	0.00609195	-0.0245931	0.021212	0.0317886	-0.082715	0.0617511	0.0227061	-0.0590821	0.0441079	0.0970926	-0.212834	0.143343	0.0693519	-0.152024	0.102388
4.54411	0.0292969	-0.0141602	-1.01904	0.0126572	-0.0228133	0.0192285	0.00668879	-0.0244313	0.0210317	0.0293949	-0.0835134	0.0651396	0.0209964	-0.0596524	0.0465283	0.0903483	-0.211677	0.148916	0.0645345	-0.151198	0.106369
4.56506	0.0327148	0.00292969	-0.992676	0.0240096	-0.00300346	-0.00707579	0.00826341	-0.0224833	0.0184765	0.0292598	-0.0821357	0.0650048	0.0208998	-0.0586684	0.046432	0.0854343	-0.209866	0.152801	0.0610245	-0.149904	0.109143
4.58709	0.0351562	-0.00878906	-1.01025	0.018616	-0.00593312	0.0107148	0.00920456	-0.0209787	0.0177709	0.0301044	-0.0796471	0.0642029	0.0215031	-0.0568908	0.0458592	0.0825277	-0.206795	0.155003	0.0589483	-0.147711	0.110716
4.60939	0.0356445	-0.0219727	-1.00049	0.00888955	-0.0142321	0.00122356	0.00917592	-0.0203654	0.0162666	0.0306791	-0.0772562	0.0621258	0.0219136	-0.055183	0.0443756	0.0808619	-0.202894	0.155092	0.0577585	-0.144924	0.11078
4.63006	0.0332031	-0.0273438	-1.01562	0.00777769	-0.019376	0.0163209	0.00904881	-0.0202754	0.0162715	0.0309624	-0.0754584	0.0606471	0.022116	-0.0538989	0.0433193	0.0798746	-0.198823	0.154099	0.0570533	-0.142016	0.110071
